 10.14      3.80
  3.71      3.80
  3.48      3.80
  4.01      3.80
  4.31      3.80
  4.25      4.50
  1.94      4.50
  4.98      4.50
  4.44      4.50
  4.00      4.50
  4.55      4.50
  7.47      4.50
  4.73      4.50
  7.04      4.50
  7.96      4.50
  4.51      4.50
  4.42      4.50
  6.57      4.50
  4.52      4.50
  7.12      4.50
  2.48      3.20
  6.36      6.50
  3.22      6.50
  3.21      6.50
  4.09      6.50
  9.30      9.00
  9.78      9.00
 12.97      9.00
 10.08     10.00
  9.97     10.00
 10.18     10.00
 11.39     10.00
 12.06     10.00
 13.69     10.00
 10.33     10.00
  9.64     10.00
 14.28     10.00
 14.02     10.00
 10.21     10.00
 14.27     10.00
 10.27     10.50
 10.51     10.50
 10.09     10.50
 11.81     10.50
  9.27     10.50
  9.75     10.50
 10.16     10.50
  9.86     10.50
 10.18     10.50
  6.43     10.50
  7.21     10.50
 10.88     10.50
 10.53     12.50
 12.57     12.50
 12.34     12.50
 12.00     12.50
 11.92     12.50
 12.53     12.50
 12.65     12.50
 12.44     12.50
 12.43     12.50
 11.52     12.50
 12.81     12.50
  8.07      8.00
 10.02      3.80
  3.70      3.80
  3.46      3.80
  4.01      3.80
  4.49      3.80
  4.24      4.50
  1.92      4.50
  5.04      4.50
  4.39      4.50
  4.68      4.50
  4.51      4.50
  7.42      4.50
  4.76      4.50
  7.19      4.50
  7.97      4.50
  4.57      4.50
  4.60      4.50
  6.64      4.50
  4.47      4.50
  7.49      4.50
  3.17      3.20
  6.36      6.50
  3.35      6.50
  3.45      6.50
  4.17      6.50
  9.32      9.00
  9.81      9.00
 12.92      9.00
 10.07     10.00
 10.03     10.00
 10.16     10.00
 11.28     10.00
 12.10     10.00
 13.88     10.00
 10.32     10.00
  9.68     10.00
 14.07     10.00
 14.08     10.00
 10.22     10.00
 14.09     10.00
 10.20     10.50
 10.46     10.50
 10.39     10.50
 11.74     10.50
  9.37     10.50
  9.39     10.50
 10.17     10.50
  9.92     10.50
  9.79     10.50
  6.31     10.50
  7.07     10.50
 10.40     10.50
 10.50     12.50
 12.43     12.50
 12.32     12.50
 11.99     12.50
 11.92     12.50
 12.62     12.50
 12.43     12.50
 12.43     12.50
 12.29     12.50
 11.49     12.50
 12.86     12.50

--------------------------------------------------------------
--------------------------------------------------------------
unction of pH (using neutral reference)
11
97
.00     84.97
.00     81.82
.00     77.90
.00     79.63
.00     86.70
.00     93.91
  8.00     97.16
  9.00     97.16
 10.00     98.62
 11.00    106.94
 12.00    118.88
 13.00    128.84
 14.00    137.06

The pH of optimum stability is  4.3 for which the free energy is  77.5 kcal/mol at 298K
Could not determine pH values where the free energy is within 80 % of maximum
Could not determine where the free energy is positive

Protein charge of folded and unfolded state as a function of pH
    pH  unfolded  folded
  0.00     56.00   55.97
  1.00     55.96   55.71
  2.00     55.63   54.20
  3.00     52.94   49.84
  4.00     40.91   39.25
  5.00     21.58   25.66
  6.00     13.03   18.71
  7.00      7.75   12.09
  8.00      4.40    4.97
  9.00     -1.72   -1.64
 10.00    -19.27  -16.41
 11.00    -42.66  -33.77
 12.00    -54.31  -46.54
 13.00    -66.61  -59.43
 14.00    -71.32  -67.06
The pI is  8.80 (folded) and  8.81 (unfolded)
